start=1055.305000
pause=yes
volume=102.000000
contrast=-52
aid=2
sub-delay=0.100000
